0.999013364214 8.45091826553e-05
0.996249686317 0.00259361582688
0.991406715732 0.00386303468044
0.984650919691 0.00561985545724
0.976006643544 0.00784425921892
0.965505157216 0.0105115130605
0.953184621324 0.0135924772114
0.939090035371 0.0170541689514
0.923273163333 0.0208603557756
0.905792432334 0.0249721501019
0.886712800804 0.0293485795249
0.866105593555 0.0339471100545
0.844048302438 0.0387241047234
0.820624352483 0.0436352060405
0.795922834655 0.0486356376168
0.770038207371 0.0536804273889
0.74306996962 0.058724561734
0.71512230892 0.0637230858927
0.686303727334 0.0686311710514
0.656726648357 0.073404171795
0.626507006863 0.0779976991441
0.595763823361 0.0823677338795
0.56461876289 0.0864708023049
0.533195677955 0.0902642321295
0.501620134194 0.0937065000046
0.470018917055 0.0967576748181
0.438519517767 0.0993799525853
0.407249597333 0.101538270246
0.376336428157 0.103200977437
0.345906314244 0.104340537972
0.316083992497 0.104934226794
0.286466110116 0.104916900566
0.257093040326 0.103939592732
0.228758496519 0.101970309854
0.201600418628 0.0990631356694
0.175749578599 0.0952839564344
0.151328279517 0.0907090721309
0.128449234473 0.0854235127049
0.107214660338 0.0795190974544
0.0877156086988 0.0730922865347
0.0700315420025 0.0662418821675
0.0542301487073 0.0590666432921
0.0403673778527 0.0516628810137
0.0284876619559 0.0441221033631
0.0186242882119 0.0365287767365
0.0107998721369 0.0289582681496
0.00502688537048 0.0214750273429
0.00130819037046 0.0141310610711
-0.000362460913907 0.00696474382467
0.0 0.0
0.00233573248564 -0.0065707384771
0.00657710831506 -0.0125643643232
0.0126858639008 -0.0179847677364
0.0206169667344 -0.0228394033362
0.030319195493 -0.0271393240951
0.0417358521558 -0.0308992908631
0.0548055696813 -0.0341379398306
0.0694631712488 -0.0368779855345
0.0856405324955 -0.0391464330643
0.103267396926 -0.0409747701493
0.122272096886 -0.0423991079664
0.142582138106 -0.0434602390094
0.164124614554 -0.0442035813796
0.186826431653 -0.0446789815858
0.21061432908 -0.0449403524992
0.235414708502 -0.0450451295599
0.261153285572 -0.0450535366031
0.287754598319 -0.045027662545
0.315791454818 -0.0449653301857
0.345076691381 -0.0445939432983
0.374973684679 -0.0439018371386
0.405369088082 -0.0429221489819
0.436147248669 -0.0416893964399
0.467190563416 -0.0402386003401
0.498379865806 -0.0386044591883
0.529594841574 -0.0368206116693
0.560714470674 -0.0349190167831
0.591617491225 -0.032929472922
0.622182880301 -0.0308792880128
0.652290346018 -0.028793103376
0.681820825351 -0.0266928647791
0.710656982645 -0.0245979258431
0.738683704482 -0.0225252619929
0.765788587608 -0.0204897679052
0.791862417637 -0.0185046081672
0.816799637266 -0.0165815897499
0.84049880349 -0.0147315258962
0.862863033866 -0.0129645639842
0.883800441972 -0.0112904545712
0.903224562041 -0.00971874477605
0.921054762169 -0.00825888596487
0.937216644673 -0.00692025287562
0.951642431142 -0.00571207833936
0.964271328672 -0.00464331415504
0.975049872751 -0.00372243402169
0.983932241438 -0.00295719838351
0.990880534997 -0.00235440335984
0.995865014997 -0.00191963648859
0.999013364214 8.45091826553e-05
